8	0	5	1
ROADMAP 1
-1	22	21	20
1	33	24	25
1	63	14	15
-1	73	30	29
-1	73	41	39
ROADMAP 2
-1	9	72	71
-2	10	9	8
1	13	29	31
-1	13	72	71
2	13	9	10
1	13	38	40
-1	13	39	38
1	15	22	23
1	15	74	75
2	16	15	16
1	16	1	2
-2	19	2	1
1	20	4	5
1	24	60	63
1	24	14	15
-1	24	40	35
-2	31	11	10
1	33	37	38
-2	33	9	8
-1	37	11	10
-1	42	51	50
1	42	51	52
-2	42	41	40
2	46	14	15
-1	46	20	18
1	46	60	62
1	50	57	58
2	50	31	33
2	50	16	17
ROADMAP 3
1	0	1	2
2	2	3	4
2	2	31	32
1	3	75	76
-2	4	28	27
1	6	74	75
2	9	39	40
3	15	7	8
1	19	29	30
1	19	42	43
-1	21	15	14
-2	25	37	36
-1	25	45	44
2	25	13	15
-1	25	15	14
3	25	21	22
-2	30	38	36
-1	30	45	44
2	30	13	14
-1	30	70	69
-2	30	0	-1
-1	30	52	51
-1	34	77	73
-3	34	5	4
2	34	37	38
-3	34	24	21
-3	35	18	17
1	38	51	52
-2	38	41	40
2	42	24	25
-1	47	63	62
3	47	21	22
-1	47	6	5
1	47	6	7
3	48	41	42
2	48	24	26
-1	50	19	17
ROADMAP 4
-2	0	6	5
3	0	40	41
-3	2	46	45
-3	4	7	6
4	4	0	1
-1	4	73	72
1	4	40	42
1	4	30	31
-1	4	8	7
-1	5	13	11
1	5	20	22
-1	6	69	67
-3	9	33	32
-1	10	8	7
4	10	4	5
-1	10	13	12
-3	10	3	2
-1	10	32	30
-4	10	9	8
2	16	29	30
1	18	19	20
1	19	73	74
2	20	16	17
-1	20	43	39
1	20	40	41
3	20	21	22
-1	20	6	5
1	20	6	7
3	20	34	35
3	21	42	43
4	24	15	16
-3	24	3	2
2	25	24	28
-1	26	61	59
-1	26	76	75
-1	26	32	31
-2	26	31	30
2	26	11	13
-1	27	13	12
2	27	29	31
3	34	19	21
-1	34	20	18
-4	34	17	16
-2	34	24	23
-3	34	41	39
2	34	6	7
ROADMAP 5
-4	0	32	31
-4	4	32	31
-4	4	13	12
5	6	2	4
-2	6	7	6
5	6	3	4
-4	6	32	31
-4	6	13	12
5	6	4	6
5	6	2	4
-4	6	32	31
-4	6	13	12
5	6	4	6
5	6	2	4
-2	6	7	6
5	6	3	4
-2	6	7	6
5	6	3	4
-4	6	32	31
5	6	0	4
-4	6	32	31
-4	6	13	12
5	6	4	6
5	6	2	4
-4	6	32	31
-4	6	13	11
1	9	72	73
-2	9	8	7
3	12	28	29
2	12	51	52
-4	12	12	11
5	12	6	9
1	12	72	73
-2	12	8	7
5	12	9	12
3	12	28	29
2	12	51	52
-4	12	12	11
5	12	6	7
-1	13	16	15
-1	13	20	17
3	13	50	51
5	13	8	9
-4	15	12	10
-1	16	55	54
-1	16	64	63
-4	16	1	0
1	16	74	75
1	16	1	2
2	16	16	17
2	16	50	51
-4	18	10	9
-3	19	38	37
-2	25	4	3
ROADMAP 6
5	0	2	4
-2	0	7	6
5	0	3	4
-4	0	32	31
5	0	0	4
-4	0	32	31
-4	0	13	12
5	0	4	6
5	0	2	4
-2	0	7	6
5	0	3	4
-4	0	32	31
-4	0	13	12
5	0	4	6
5	0	2	4
-4	0	32	31
-4	0	13	12
5	0	4	6
5	0	2	4
-4	0	32	31
-4	0	13	12
5	0	4	6
-4	1	13	12
5	3	5	6
6	3	0	1
-4	3	13	12
5	3	4	6
5	3	2	4
-2	3	7	6
5	3	3	4
-2	3	7	6
5	3	3	4
-4	3	32	31
5	3	0	3
-2	3	6	4
5	4	14	15
6	4	1	3
5	4	5	6
6	4	0	1
5	4	0	2
6	4	0	1
5	4	0	2
6	4	0	1
-4	4	13	12
5	4	4	6
5	4	2	4
-4	4	32	31
5	4	0	2
6	4	0	1
-4	4	13	12
5	4	4	6
5	4	2	3
-2	4	6	4
6	4	3	4
5	4	14	15
6	4	1	2
6	5	2	3
5	5	5	6
6	5	0	1
-4	5	13	11
-2	6	56	54
ROADMAP 7
2	0	33	35
4	2	22	23
-5	5	20	19
3	6	43	44
-5	7	16	15
-3	7	28	27
4	7	29	30
-5	7	6	5
4	7	12	13
-2	7	51	49
1	7	44	46
2	7	37	38
7	8	4	5
-5	8	20	19
7	8	5	6
4	8	21	22
-2	9	17	16
-2	10	44	43
-2	10	11	10
2	10	4	5
-5	10	24	18
3	10	38	39
-5	10	18	17
4	10	10	11
-5	10	17	15
-2	10	50	49
-2	10	16	15
-1	10	1	0
-1	10	74	73
4	10	1	2
1	10	64	65
1	10	55	56
-5	10	15	14
4	10	11	13
-5	10	14	12
-5	10	8	7
-3	10	50	49
1	10	18	21
1	10	16	17
-5	10	12	11
-5	10	6	5
4	10	12	13
-2	10	51	50
-3	10	28	27
-5	10	11	8
2	10	8	9
-1	10	72	71
-5	10	8	5
-5	12	21	20
4	13	22	23
-5	13	9	8
2	13	8	9
-1	13	72	71
-5	13	8	5
7	13	10	11
-6	13	4	3
-6	13	1	0
4	13	13	14
-6	13	0	-1
-5	13	5	3
4	13	13	14
4	13	32	33
-5	13	3	2
2	13	7	8
ROADMAP 8
2	1	33	35
7	1	0	2
4	1	22	23
7	1	2	5
2	1	56	57
-6	1	5	4
7	1	10	11
-6	1	1	0
-2	1	51	50
-3	1	28	27
4	1	29	30
-5	1	6	5
4	1	12	13
-2	1	51	49
1	1	44	46
2	1	37	38
7	1	7	8
7	1	4	5
-5	1	20	19
7	1	5	6
4	1	21	22
7	1	8	9
-2	1	17	16
7	1	9	10
-2	1	44	43
-2	1	11	10
2	1	4	5
-5	1	24	18
3	1	38	39
-5	1	18	17
4	1	10	11
-5	1	17	15
-2	1	50	49
-2	1	16	15
-1	1	1	0
-1	1	74	73
4	1	1	2
1	1	64	65
1	1	55	56
-5	1	15	14
4	1	11	13
-5	1	14	12
-5	1	8	7
-3	1	50	49
1	1	18	21
1	1	16	17
-5	1	12	11
-5	1	6	5
4	1	12	13
-2	1	51	50
-3	1	28	27
-5	1	11	8
2	1	8	9
-1	1	72	71
-5	1	8	5
4	1	12	13
-2	1	51	50
-3	1	28	27
-5	1	11	8
2	1	8	9
-1	1	72	71
-5	1	8	5
4	1	12	14
4	1	32	33
-5	1	3	1
-5	1	5	3
4	1	13	14
4	1	32	33
-5	1	3	2
